sequence           pH    npol_c0    Fmin_c0    npol_c1    Fmin_c1    npol_c2    Fmin_c2   npol_min   Fmin_all curv_min
ZZZZKLLK00     7.0000     0.8900   -46.7408     7.4000   -47.3138    45.0000   -47.1972     7.4000   -47.3138        1
ZZZZKAAK00     7.0000     1.0400   -25.7630     8.4000   -29.9643    44.0000   -31.0757    44.0000   -31.0757        2
ZZZZKGGK00     7.0000     1.1900   -25.0845     9.0000   -29.2387    43.0000   -30.4108    43.0000   -30.4108        2
ZZZZKKKK00     7.0000     0.7900   -17.3121     5.5000   -23.6626    25.0000   -25.9398    25.0000   -25.9398        2
ZZZZKKEK00     7.0000     0.9400   -27.1736     7.2000   -31.0105    37.5000   -31.9366    37.5000   -31.9366        2
ZZZZGIGK00     7.0000     1.2900   -38.1542    12.2000   -39.6922         NA         NA    12.2000   -39.6922        1
ZZZZKK00       7.0000     1.3400   -30.1532    11.0000   -32.1198    56.5000   -32.5621    56.5000   -32.5621        2
ZZZZKK01       7.0000     1.5400   -35.3016    13.6000   -36.2920    75.5000   -36.1747    13.6000   -36.2920        1
ZZZZKGGK01     7.0000     1.2400   -27.8882     9.9000   -31.1230    48.5000   -31.8665    48.5000   -31.8665        2
ZZZZKKKK01     7.0000     0.8400   -21.5425     6.3000   -26.6806         NA         NA     6.3000   -26.6806        1
ZZZZKAAK01     7.0000     1.1400   -29.0265     9.3000   -32.1329         NA         NA     9.3000   -32.1329        1
ZZZZRR00       7.0000     1.1900   -31.1486    10.2000   -33.2947    54.0000   -33.7387    54.0000   -33.7387        2
ZZZZKGK00      7.0000     1.1900   -26.9690     9.6000   -30.1669    48.5000   -31.0561    48.5000   -31.0561        2
ZZZZKKK00      7.0000     0.9900   -23.4158     7.3000   -27.5078    34.5000   -28.8132    34.5000   -28.8132        2
ZZZZKYR00      7.0000     1.1400   -42.5056     9.9000   -44.4536    53.5000   -44.7248    53.5000   -44.7248        2
ZZZZKPT00      7.0000     1.2900   -35.1263    11.1000   -36.2221    60.0000   -36.2163    11.1000   -36.2221        1
ZZZZKPV00      7.0000     1.1900   -38.5083    10.4000   -38.8960    62.5000   -38.3723    10.4000   -38.8960        1
ZZZZKPT01      7.0000     1.3400   -38.3314    12.6000   -38.9684    72.5000   -38.5332    12.6000   -38.9684        1
ZZZZKPV01      7.0000     1.3400   -42.9764    13.2000   -42.2999         NA         NA     1.3400   -42.9764        0
ZZZZKP00       7.0000     1.4900   -34.5609    13.1000   -35.4659    73.0000   -35.3807    13.1000   -35.4659        1
ZZZZPV00       7.0000     1.9400   -46.8347    19.9000   -45.2008   100.0000   -43.7578     1.9400   -46.8347        0
ZZZZPS00       7.0000     1.7900   -38.1356    16.9000   -37.8996   100.0000   -36.8670     1.7900   -38.1356        0
ZZZZKPA00      7.0000     1.1900   -32.0804    10.0000   -33.8714    52.5000   -34.1150    52.5000   -34.1150        2
ZZZZKPL00      7.0000     1.0900   -40.2723     9.7000   -40.2799    60.0000   -39.4966     9.7000   -40.2799        1
ZZZZKT00       7.0000     1.6400   -37.3712    15.1000   -37.8500    82.0000   -37.4421    15.1000   -37.8500        1
ZZZZKV00       7.0000     1.5400   -42.3602    14.7000   -41.9061   100.0000   -41.3191     1.5400   -42.3602        0
ZZZZKA00       7.0000     1.5400   -33.9045    13.3000   -34.9315    72.0000   -34.8646    13.3000   -34.9315        1
ZZZZKF00       7.0000     1.5400   -41.3689    14.6000   -41.3125   100.0000   -40.8006     1.5400   -41.3689        0
ZZZZKH00       7.0000     1.3900   -33.0996    11.4000   -35.0005    55.5000   -35.2015    55.5000   -35.2015        2
ZZZZKG00       7.0000     1.4900   -33.3661    12.8000   -34.2931    67.0000   -34.2791    12.8000   -34.2931        1
ZZZZKL00       7.0000     1.4400   -44.2177    13.9000   -43.4986   100.0000   -42.9025     1.4400   -44.2177        0
ZZZZKS00       7.0000     1.4900   -33.2443    13.0000   -34.4274    66.5000   -34.3566    13.0000   -34.4274        1
ZZZZKI00       7.0000     1.4400   -44.2177    13.9000   -43.4986   100.0000   -42.9025     1.4400   -44.2177        0
ZZZZKY00       7.0000     1.5900   -48.3485    14.9000   -48.3857   100.0000   -47.9105    14.9000   -48.3857        1
ZZZZKW00       7.0000     1.5400   -40.6987    14.2000   -40.8641   100.0000   -40.4059    14.2000   -40.8641        1
ZZZZPK00       7.0000     1.5400   -35.9479    14.6000   -36.7291    82.0000   -36.4119    14.6000   -36.7291        1
ZZZZKD00       7.0000     1.5400   -34.4138    13.9000   -35.5166    75.5000   -35.3512    13.9000   -35.5166        1
ZZZZKR01       7.0000     1.4900   -35.8578    13.3000   -36.8056    75.5000   -36.6728    13.3000   -36.8056        1
ZZZZPK01       7.0000     1.6900   -39.2806    16.7000   -39.0445   100.0000   -38.2944     1.6900   -39.2806        0
ZZZZKP01       7.0000     1.6400   -38.6769    15.9000   -38.6208   100.0000   -37.9978     1.6400   -38.6769        0
ZZZZKR00       7.0000     1.2900   -30.5132    10.9000   -32.4585    57.0000   -32.8918    57.0000   -32.8918        2
ZZZZKGKG00     7.0000     1.0400   -23.7612     7.9000   -28.3744    40.5000   -29.7217    40.5000   -29.7217        2
ZZZZKKKR00     7.0000     0.7400   -17.5402     5.5000   -23.7983         NA         NA     5.5000   -23.7983        1
ZZZZKKRK00     7.0000     0.7400   -17.8410     5.4000   -24.0013    25.0000   -26.2231    25.0000   -26.2231        2
ZZZZRKKK00     7.0000     0.7400   -18.3295     5.3000   -24.6674    25.0000   -26.8634    25.0000   -26.8634        2
ZZZZKRK00      7.0000     0.9400   -23.9915     7.0000   -28.0513    33.5000   -29.3416    33.5000   -29.3416        2
ZZZZRRR00      7.0000     0.8900   -25.0208     6.8000   -29.1382         NA         NA     6.8000   -29.1382        1
ZZZZKAK00      7.0000     1.1900   -27.8617     9.5000   -30.9198    46.5000   -31.6051    46.5000   -31.6051        2
ZZZZKLK00      7.0000     1.0900   -38.3945     9.3000   -39.8667         NA         NA     9.3000   -39.8667        1
ZZZZRRRR00     7.0000     0.6900   -19.6950     5.2000   -25.6491    24.5000   -27.7021    24.5000   -27.7021        2
ZZZZPRRR00     7.0000     0.7900   -24.2970     6.4000   -29.3035    33.5000   -30.7598    33.5000   -30.7598        2
ZZZZKWKW01     7.0000     1.0900   -42.1736    10.2000   -42.9999         NA         NA    10.2000   -42.9999        1
ZZZZKKC00      7.0000     1.2400   -35.6754    10.4000   -36.9503    56.0000   -36.9844    56.0000   -36.9844        2
ZZZZEVLL00     7.0000     0.9400   -57.1208    19.9000   -57.5596         NA         NA    19.9000   -57.5596        1
ZZZZKLIK00     7.0000     0.8900   -46.7408     7.4000   -47.3138    45.0000   -47.1972     7.4000   -47.3138        1
ZZZZKRKK00     7.0000     0.7400   -18.0415     5.4000   -24.2485         NA         NA     5.4000   -24.2485        1
ZZZZRRKK00     7.0000     0.6900   -19.0041     5.2000   -25.2019    24.5000   -27.3333    24.5000   -27.3333        2
ZZZZGRGR01     7.0000     1.1400   -27.9411     9.6000   -31.1643    50.0000   -31.8599    50.0000   -31.8599        2
ZZZZGKGK01     7.0000     1.2400   -26.9466    10.1000   -30.3666    52.0000   -31.1533    52.0000   -31.1533        2
ZZZZRWW00      7.0000     2.4900   -45.1786    10.7000   -45.3232    66.5000   -44.8180    10.7000   -45.3232        1
ZZZZRRW00      7.0000     1.0400   -33.1538     8.3000   -35.1913         NA         NA     8.3000   -35.1913        1
ZZZZRWR00      7.0000     0.9900   -35.4648     8.7000   -37.8018    48.0000   -38.1572    48.0000   -38.1572        2
ZZZZWRR00      7.0000     1.0400   -37.7968     9.4000   -40.2464    53.5000   -40.6294    53.5000   -40.6294        2
ZZZZKLFK00     7.0000     0.9400   -43.7864     8.3000   -44.9762    49.0000   -44.9050     8.3000   -44.9762        1
ZZZZSRR00      7.0000     1.0900   -26.3328     8.7000   -29.8897    44.0000   -30.7852    44.0000   -30.7852        2
ZZZZRSR00      7.0000     1.0900   -27.7799     8.9000   -31.2187    43.5000   -31.8337    43.5000   -31.8337        2
ZZZZRRS00      7.0000     0.9400   -27.7936     7.4000   -31.0189    37.0000   -31.8675    37.0000   -31.8675        2
