sequence           pH    npol_c0    Fmin_c0    npol_c1    Fmin_c1    npol_c2    Fmin_c2   npol_min   Fmin_all curv_min
ZZZKLLK00      7.0000     0.8900   -35.9963     6.1000   -36.6529    31.0000   -36.6368     6.1000   -36.6529        1
ZZZKAAK00      7.0000     1.8400   -15.4808     6.6000   -20.2291    28.0000   -21.6819    28.0000   -21.6819        2
ZZZKLLK01      7.0000     0.9400   -40.3003     6.9000   -40.2891   100.0000   -39.8929     0.9400   -40.3003        0
ZZZKPV00       7.0000     1.0900   -28.1397     8.3000   -28.4028    42.5000   -27.9113     8.3000   -28.4028        1
ZZZKPT00       7.0000     1.2400   -24.6225     8.9000   -26.0393    40.5000   -26.2278    40.5000   -26.2278        2
ZZZCKK00       7.0000     1.2900   -29.5157    10.4000   -31.2636    51.5000   -31.4690    51.5000   -31.4690        2
ZZZKK00        7.0000     1.2900   -19.6547     8.4000   -22.0436    34.0000   -22.6934    34.0000   -22.6934        2
ZZZK00         7.0000         NA         NA         NA         NA         NA         NA         NA         NA       NA
ZZZKKK00       7.0000     1.6400   -13.3765     5.7000   -17.9852    22.0000   -19.7108    22.0000   -19.7108        2
ZZZKKKK00      7.0000         NA         NA         NA         NA    15.0000   -17.1196    15.0000   -17.1196        2
ZZZKG00        7.0000     1.4900   -22.6774    10.3000   -24.2138    46.0000   -24.4506    46.0000   -24.4506        2
ZZZKGK00       7.0000     2.2900   -16.4984     7.5000   -20.3014    30.0000   -21.4957    30.0000   -21.4957        2
ZZZKGKG00      7.0000     1.7400   -13.6906     6.2000   -18.6387    26.5000   -20.3359    26.5000   -20.3359        2
ZZZRRRR00      7.0000     0.8900   -11.2921     4.0000   -16.3439    15.5000   -18.6982    15.5000   -18.6982        2
ZZZKWKW01      7.0000     2.1400   -32.2942     8.2000   -32.8115    42.0000   -32.4292     8.2000   -32.8115        1
ZZZRFWR00      7.0000     0.8400   -30.8425     7.0000   -32.5329    33.0000   -32.8319    33.0000   -32.8319        2
ZZZRAWR00      7.0000     0.8400   -22.0461     6.2000   -25.1121    28.0000   -25.9006    28.0000   -25.9006        2
ZZZRCWR00      7.0000     1.0400   -33.8449     9.3000   -34.9692         NA         NA     9.3000   -34.9692        1
ZZZRGWR00      7.0000     0.8400   -20.5294     6.1000   -23.7713    26.0000   -24.7933    26.0000   -24.7933        2
ZZZRHWR00      7.0000     0.6400   -19.2884     4.7000   -23.7362    19.5000   -24.8712    19.5000   -24.8712        2
ZZZRIWR00      7.0000     0.8400   -33.6299     6.5000   -34.9167    32.0000   -35.0370    32.0000   -35.0370        2
ZZZRLWR00      7.0000     0.8400   -33.6299     6.5000   -34.9167    32.0000   -35.0370    32.0000   -35.0370        2
ZZZRMWR00      7.0000     0.8900   -28.4143     7.3000   -30.5148    33.5000   -30.9391    33.5000   -30.9391        2
ZZZRRWR00      7.0000     0.6900   -19.0495     4.8000   -22.5539    20.5000   -23.7961    20.5000   -23.7961        2
ZZZRSWR00      7.0000     0.8400   -20.4452     5.8000   -23.9987         NA         NA     5.8000   -23.9987        1
ZZZRVWR00      7.0000     0.8900   -31.5242     6.9000   -33.0723    33.5000   -33.3043    33.5000   -33.3043        2
ZZZRRFW00      7.0000     1.6900   -28.6601     5.4000   -29.4094    26.5000   -29.5023    26.5000   -29.5023        2
ZZZRRIW00      7.0000     0.7400   -31.0568     5.4000   -32.2241    27.0000   -32.2013     5.4000   -32.2241        1
ZZZKKC00       7.0000     1.1900   -25.3350     8.2000   -26.7976    35.5000   -27.0344    35.5000   -27.0344        2
ZZZKR00        7.0000     1.2400   -20.0390     8.3000   -22.3558    34.0000   -22.9772    34.0000   -22.9772        2
ZZZELR00       7.0000     1.1900   -35.9952     9.8000   -35.0329    56.0000   -34.1416     1.1900   -35.9952        0
ZZZRR00        7.0000     1.1400   -20.8211     7.8000   -23.2076    32.5000   -23.7983    32.5000   -23.7983        2
ZZZFRR00       7.0000     1.0400   -28.3930     8.4000   -30.9316    41.5000   -31.4067    41.5000   -31.4067        2
ZZZGRR00       7.0000     1.1400   -13.6596     6.9000   -20.2893    28.5000   -21.3272    28.5000   -21.3272        2
ZZZIRR00       7.0000     1.0900   -31.6815     8.8000   -33.7262    44.5000   -33.9379    44.5000   -33.9379        2
ZZZLRR00       7.0000     1.0900   -31.6815     8.8000   -33.7262    44.5000   -33.9379    44.5000   -33.9379        2
ZZZMRR00       7.0000     1.0400   -25.6324     8.3000   -28.5056         NA         NA     8.3000   -28.5056        1
ZZZPRR00       7.0000     0.9900   -19.8847     7.4000   -23.1359    33.0000   -24.0474    33.0000   -24.0474        2
ZZZRRR00       7.0000     0.7400   -15.5584     5.4000   -19.5520    22.0000   -21.0970    22.0000   -21.0970        2
ZZZTRR00       7.0000     1.0900   -22.0543     8.0000   -25.3415    38.0000   -26.2124    38.0000   -26.2124        2
ZZZVRR00       7.0000     1.0900   -29.4135     8.9000   -31.6996    45.0000   -32.0563    45.0000   -32.0563        2
ZZZWRR00       7.0000     0.9900   -27.5641     7.9000   -30.2828    38.5000   -30.8478    38.5000   -30.8478        2
ZZZYRR00       7.0000     1.0900   -35.0203     8.3000   -37.5459    40.0000   -38.0933    40.0000   -38.0933        2
ZZZKKWK01      7.0000     0.7900   -21.1724     5.5000   -24.1224    24.5000   -24.9347    24.5000   -24.9347        2
ZZZNKKN01      7.0000     1.0900   -11.2741    13.6000   -11.1845    20.5000   -18.8076    20.5000   -18.8076        2
ZZZRWW00       7.0000     2.4900   -35.5594     9.0000   -34.8235    47.5000   -34.3236     2.4900   -35.5594        0
ZZZRRW00       7.0000     0.8900   -23.3539     6.7000   -25.1603    30.5000   -25.5434    30.5000   -25.5434        2
ZZZRWR00       7.0000     0.9400   -25.3861     7.3000   -27.7434    35.0000   -28.2907    35.0000   -28.2907        2
ZZZKLFK00      7.0000     0.9400   -33.2847     6.7000   -34.1977    32.5000   -34.2849    32.5000   -34.2849        2
ZZZKRIW00      7.0000     0.7400   -30.4301     5.5000   -31.6073    27.5000   -31.5934     5.5000   -31.6073        1
ZZZRRRR01      7.0000     0.5900   -15.1083     4.6000   -19.1771    18.5000   -20.9242    18.5000   -20.9242        2
ZZZKKKK01      7.0000     1.1400   -12.3549     4.8000   -17.2269    18.5000   -19.2672    18.5000   -19.2672        2
ZZZHHHH01      7.0000         NA         NA         NA         NA         NA         NA         NA         NA       NA
ZZZRIWR01      7.0000     0.9400   -37.9819     7.6000   -38.3911    38.0000   -37.9039     7.6000   -38.3911        1
ZZZKRKK00      7.0000         NA         NA         NA         NA    15.0000   -17.5673    15.0000   -17.5673        2
ZZZK01         7.0000         NA         NA         NA         NA         NA         NA         NA         NA       NA
ZZZR01         7.0000         NA         NA         NA         NA         NA         NA         NA         NA       NA
