sequence    pH      npol_c0  Fmin_c0   npol_c1  Fmin_c1   npol_c2  Fmin_c2   npol_min  Fmin_all  curv_min
ZZZZKLK01   7.0000  1.1900   -43.2935  10.7000  -43.8182  63.0000  -43.4622  10.7000   -43.8182  1
ZZZZKK01    7.0000  1.5400   -35.3016  13.6000  -36.2920  75.5000  -36.1747  13.6000   -36.2920  1
ZZZZRRRR01  7.0000  0.8900   -37.7130  7.8000   -39.3196  45.0000  -39.1786  7.8000    -39.3196  1
ZZZZPRRR01  7.0000  0.9400   -35.5728  8.2000   -37.3715  NA       NA        8.2000    -37.3715  1
ZZZZKWKW00  7.0000  1.0400   -36.8893  9.1000   -38.8231  52.0000  -38.9937  52.0000   -38.9937  2
ZZZZKKC01   7.0000  1.3400   -40.6154  12.0000  -41.0976  69.0000  -40.6538  12.0000   -41.0976  1
ZZZZEVLL01  7.0000  0.9400   -52.0348  8.0000   -51.3521  51.5000  -50.0854  0.9400    -52.0348  0
ZZZZKLIK01  7.0000  0.9400   -51.1914  8.4000   -51.0782  50.0000  -50.5339  0.9400    -51.1914  0
ZZZZKRKK01  7.0000  0.8900   -28.5443  6.9000   -32.2810  38.0000  -33.2402  38.0000   -33.2402  2
ZZZZRRKK01  7.0000  0.9400   -36.1832  8.2000   -38.3743  46.5000  -38.4489  46.5000   -38.4489  2
ZZZZGRGR00  7.0000  1.2400   -32.8436  11.0000  -34.2266  54.0000  -34.1641  11.0000   -34.2266  1
ZZZZGKGK00  7.0000  1.1400   -23.4588  8.8000   -27.9860  43.5000  -29.3486  43.5000   -29.3486  2
ZZZZRWW01   7.0000  1.3400   -48.0725  13.7000  -47.6895  85.0000  -46.6765  1.3400    -48.0725  0
ZZZZRRW01   7.0000  1.1400   -42.2773  10.9000  -42.4344  63.0000  -41.8330  10.9000   -42.4344  1
ZZZZRWR01   7.0000  1.1400   -42.6796  11.5000  -43.2938  69.0000  -42.7404  11.5000   -43.2938  1
ZZZZWRR01   7.0000  1.0900   -43.8911  10.8000  -44.7743  67.5000  -44.4075  10.8000   -44.7743  1
ZZZZKLFK01  7.0000  1.0400   -48.0588  9.5000   -48.4606  56.0000  -47.8618  9.5000    -48.4606  1
ZZZZSRR01   7.0000  1.1400   -32.6819  9.8000   -34.4089  52.0000  -34.2666  9.8000    -34.4089  1
ZZZZRSR01   7.0000  1.2400   -34.3698  11.0000  -36.0696  58.5000  -35.7470  11.0000   -36.0696  1
ZZZZRRS01   7.0000  1.0400   -37.7574  9.3000   -38.3874  NA       NA        9.3000    -38.3874  1
ZZZZKLLK01  7.0000  0.9400   -51.1914  8.4000   -51.0782  50.0000  -50.5339  0.9400    -51.1914  0
